estPi = 3.141549
dt = 75.732038
